2048
2048
2048
2048
2048
2048
2048
2048
2048
2056
2048
2048
2048
2048
2048
2048
2048
2048
2048
2056
2048
2048
2048
2048
4104
4096
4096
4096
4096
4104
4096
4096
4096
4096
4096
4096
4096
4096
4096
4104
4096
4096
4096
4096
4096
4096
4096
4096
4096
4104
2048
2048
2048
2048
2048
2048
2048
2048
2048
2056
2048
2048
2048
2048
2056
2048
2048
2048
2048
2056
2048
2048
2048
2048
4096
4096
4096
4096
4096
4104
4096
4096
4096
4096
4096
4096
4096
4096
4096
4104
4096
4096
4096
4096
4096
4096
4096
4096
4096
4104
2048
2048
2048
2048
2056
2048
2048
2048
2048
2056
2048
2048
2048
2048
2048
2048
2048
2048
2048
2056
2048
2048
2048
2048
4096
4096
4096
4096
4096
4104
4096
4096
4096
4096
4096
4096
4096
4096
4096
4104
4096
4096
4096
4096
4104
4096
4096
4096
4096
4104
2048
2048
2048
2048
2048
2048
2048
2048
2048
2056
2048
2048
2048
2048
2048
2048
2048
2048
2048
2056
2048
2048
2048
2048
4096
4096
4096
4096
4096
4104
4096
4096
4096
4096
4104
4096
4096
4096
4096
4104
4096
4096
4096
4096
4096
4096
4096
4096
4096
4104
2048
2048
2048
2048
2048
2048
2048
2048
2048
2056
2048
2048
2048
2048
2048
2048
2048
2048
2048
2056
2048
2048
2048
2048
4104
4096
4096
4096
4096
4104
4096
4096
4096
4096
4096
4096
4096
4096
4096
4104
4096
4096
4096
4096
4096
4096
4096
4096
4096
4104
2048
2048
2048
2048
2048
2048
2048
2048
2048
2056
2048
2048
2048
2048
2056
2048
2048
2048
2048
2056
2048
2048
2048
2048
4096
4096
4096
4096
4096
4104
4096
4096
4096
4096
4104
4096
4096
4096
4104
4096
4096
4096
4108
4096
4096
0
0
0
1
0
