2050
2048
2048
2048
2054
2048
2064
2048
2048
2050
2048
2048
2048
2054
2048
2048
2064
2048
2050
2048
2048
2048
2054
2048
2048
2048
2064
2050
2048
2048
2048
2054
2048
2048
2048
2048
2066
2048
2048
2048
2054
2048
2048
2048
2048
2050
2064
2048
2048
2054
4096
4096
4096
4096
4098
4096
4112
4096
4102
4096
4096
4096
4096
4098
4096
4096
4112
4102
4096
4096
4096
4096
4098
4096
4096
4096
4118
4096
4096
4096
4096
4098
4096
4096
4096
4102
4112
4096
4096
4096
4098
4096
4096
4096
4102
4096
4112
4096
4096
4098
2048
2048
2048
2054
2048
2048
2064
2048
2050
2048
2048
2048
2054
2048
2048
2048
2064
2050
2048
2048
2048
2054
2048
2048
2048
2048
2066
2048
2048
2048
2054
2048
2048
2048
2048
2050
2064
2048
2048
2054
2048
2048
2048
2048
2050
2048
2064
2048
2054
4096
4096
4096
4096
4098
4096
4096
4112
4102
4096
4096
4096
4096
4098
4096
4096
4096
4118
4096
4096
4096
4096
4098
4096
4096
4096
4102
4112
4096
4096
4096
4098
4096
4096
4096
4102
4096
4112
4096
4096
4098
4096
4096
4096
4102
4096
4096
4112
4096
4098
4096
2048
2048
2054
2048
2048
2048
2064
2050
2048
2048
2048
2054
2048
2048
2048
2048
2066
2048
2048
2048
2054
2048
2048
2048
2048
2050
2064
2048
2048
2054
2048
2048
2048
2048
2050
2048
2064
2048
2054
2048
2048
2048
2048
2050
2048
2048
2064
2054
2048
2048
6144
6144
6146
6144
6144
6144
6166
6144
6144
6144
6144
6146
6144
6144
6144
6150
6160
6144
6144
6144
6146
6144
6144
6144
6150
6144
6160
6144
6144
6146
6144
6144
6144
6150
6144
6144
6160
6144
6146
6144
6144
6144
6150
6144
6144
6144
6160
0
1
0
