8192
8192
8192
8192
8192
8192
8192
8192
8192
8192
8192
8192
8192
8192
8192
8192
8192
8192
8192
8192
8192
8192
8192
8192
8192
8192
8192
8192
8192
8192
8192
8192
8192
8192
8192
8192
8192
8192
8192
8192
8192
8192
8192
8192
8192
8192
8192
8192
8192
8192
2048
2048
2048
2048
2048
2048
2048
2048
2048
2048
2048
2048
2048
2048
2048
2048
2048
2048
2048
2048
2048
2048
2048
2048
2048
2048
2048
2048
2048
2048
2048
2048
2048
2048
2048
2048
2048
2048
2048
2048
2048
2048
2048
2048
2048
2048
2048
2048
2048
8192
8208
8192
8224
8192
8256
8192
8224
8192
8208
8192
8224
8192
8256
8192
8224
8192
8208
8192
8224
8192
8256
8192
8224
8192
8208
8192
8224
8192
8256
8192
8224
8192
8208
8192
8224
8192
8256
8192
8224
8192
8208
8192
8224
8192
8256
8192
8224
8192
2064
2048
2080
2048
2112
2048
2080
2048
2064
2048
2080
2048
2112
2048
2080
2048
2064
2048
2080
2048
2112
2048
2080
2048
2064
2048
2080
2048
2112
2048
2080
2048
2064
2048
2080
2048
2112
2048
2080
2048
2064
2048
2080
2048
2112
2048
2080
2048
2064
8192
8224
8192
8256
8192
8224
8192
8208
8192
8224
8192
8256
8192
8224
8192
8208
8192
8224
8192
8256
8192
8224
8192
8208
8192
8224
8192
8256
8192
8224
8192
8208
8192
8224
8192
8256
8192
8224
8192
8208
8192
8224
8192
8256
8192
8224
8192
8208
8192
10272
10240
10304
10240
10272
10240
10256
10240
10272
10240
10304
10240
10272
10240
10256
10240
10272
10240
10304
10240
10272
10240
10256
10240
10272
10240
10304
10240
10272
10240
10256
10240
10272
10240
10304
10240
10272
10240
10256
10240
10272
10240
10304
10240
10272
10240
10256
10240
10272
0
64
0
1
0
