0
0
0
0
0
0
0
0
0
6
0
0
0
2
0
0
0
2
0
0
0
0
0
0
0
0
0
0
0
2054
2048
2048
2048
2048
2048
2048
2048
2048
2048
2054
2048
2048
2048
2050
2048
2048
2048
2050
2048
2048
2048
2048
2048
2048
2048
2048
2048
2048
2048
2054
2048
2048
2048
2048
2048
2048
2048
2048
2048
2054
2048
2048
2048
2050
2048
2048
2048
2050
2048
2048
2048
2048
2048
2048
2048
2048
2048
2048
2048
2054
2048
2048
2048
2048
2048
2048
2048
2048
2048
2054
1024
1024
1024
1026
1024
1024
1024
1026
1024
1024
1024
1024
1024
1024
1024
1024
1024
1024
1024
1030
1024
1024
1024
1024
1024
1024
1024
1024
1024
1030
1024
1024
1024
1026
1024
1024
1024
1026
1024
1024
1024
1024
1024
1024
1024
1024
1024
1024
1024
1030
1024
1024
1024
1024
1024
1024
1024
1024
1024
1030
1024
1024
1024
1026
1024
1024
1024
1026
1024
1024
1024
1024
1024
1024
1024
1024
1024
1024
1024
1030
1024
1024
1024
1024
1024
1024
1024
1024
1024
1030
1024
1024
1024
1026
1024
1024
1024
1026
1024
1024
12288
12288
12288
12288
12288
12288
12288
12288
12288
12294
12288
12288
12288
12288
12288
12288
12288
12288
12288
12294
12288
12288
12288
12290
12288
12288
12288
12290
12288
12288
12288
12288
12288
12288
12288
12288
12288
12288
12288
12294
12288
12288
12288
12288
12288
12288
12288
12288
12288
12294
12288
1024
1024
1026
1024
1024
1024
1026
1024
1024
1024
1024
1024
1024
1024
1024
1024
1024
1024
1030
1024
1024
1024
1024
1024
1024
1024
1024
1024
1030
1024
1024
1024
1026
1024
1024
1024
1026
1024
1024
1024
1024
1024
1024
1024
1024
1030
0
1
0
