8208
8192
8224
8192
8256
8192
8224
8192
8208
8192
8224
8192
8256
8192
8224
8192
8208
8192
8224
8192
8256
8192
8224
8192
8208
8192
8224
8192
8256
8200
8224
8192
8208
8192
8224
8192
8256
8192
8224
8200
8208
8192
8224
8192
8256
8192
8224
8192
8208
8200
8224
8192
8256
8192
8224
8192
8208
8192
8224
8200
8256
8192
8224
8192
8208
8192
8224
8192
8256
8200
8224
8192
8208
8192
8224
8192
8256
8192
8224
8200
8208
8192
8224
8192
8256
8192
8224
8192
8208
8200
8224
8192
8256
8192
8224
8192
8208
8192
8224
8200
4160
4096
4128
4096
4120
4096
4128
4096
4160
4104
4128
4096
4112
4096
4136
4096
4160
4096
4128
4104
4112
4096
4128
4096
4168
4096
4128
4096
4112
4104
4128
4096
4160
4096
4136
4096
4112
4096
4128
4104
4160
4096
4128
4096
4120
4096
4128
4096
4160
4104
4128
4096
4112
4096
4136
4096
4160
4096
4128
4104
4112
4096
4128
4096
4168
4096
4128
4096
4112
4104
4128
4096
4160
4096
4136
4096
4112
4096
4128
4104
4160
4096
4128
4096
4120
4096
4128
4096
4160
4104
4128
4096
4112
4096
4136
4096
4160
4096
4128
4106
6160
6144
6176
6144
6216
6144
6176
6144
6160
6154
6176
6144
6208
6144
6184
6144
6160
6144
6176
6154
6208
6144
6176
6144
6168
6144
6176
6144
6208
6154
6176
6144
6160
6144
6184
6144
6208
6144
6176
6154
6160
6144
6176
6144
6216
6144
6176
6144
6160
6154
6176
6144
6208
6144
6186
6144
6160
6144
6176
6154
6208
6144
6176
6144
6170
6144
6176
6144
6208
6154
6176
6144
6160
6144
6186
6144
6208
6144
6176
6154
6160
6144
6176
6144
6218
6144
6176
6144
6160
6154
6176
6144
6208
6144
6186
6144
6160
0
1
0
