8200
8192
8192
8192
8196
8192
8224
8192
8192
8200
8192
8192
8192
8196
8192
8224
8192
8192
8192
8200
8192
8192
8192
8196
8192
8224
8192
8192
8200
8192
8192
8192
8196
8192
8224
8192
8192
8192
8200
8192
8192
8192
8196
8192
8224
8192
8192
8200
8192
8192
1024
1028
1024
1056
1024
1024
1024
1032
1024
1024
1024
1028
1024
1056
1024
1024
1032
1024
1024
1024
1028
1024
1056
1024
1024
1024
1032
1024
1024
1024
1028
1024
1056
1024
1024
1032
1024
1024
1024
1028
1024
1056
1024
1024
1024
1032
1024
1024
1024
8196
8192
8224
8192
8192
8200
8192
8192
8192
8196
8192
8224
8192
8192
8192
8200
8192
8192
8192
8196
8192
8224
8192
8192
8200
8192
8192
8192
8196
8192
8224
8192
8192
8192
8200
8192
8192
8192
8196
8192
8224
8192
8192
8200
8192
8192
8192
8196
8192
8224
1024
1024
1024
1032
1024
1024
1024
1028
1024
1056
1024
1024
1032
1024
1024
1024
1028
1024
1056
1024
1024
1024
1032
1024
1024
1024
1028
1024
1056
1024
1024
1032
1024
1024
1024
1028
1024
1056
1024
1024
1024
1032
1024
1024
1024
1028
1024
1056
1024
1024
8200
8192
8192
8192
8196
8192
8224
8192
8192
8192
8200
8192
8192
8192
8196
8192
8224
8192
8192
8200
8192
8192
8192
8196
8192
8224
8192
8192
8192
8200
8192
8192
8192
8196
8192
8224
8192
8192
8200
8192
8192
8192
8196
8192
8224
8192
8192
8192
8200
8192
1024
1024
1028
1024
1056
1024
1024
1032
1024
1024
1024
1028
1024
1056
1024
1024
1024
1032
1024
1024
1024
1028
1024
1056
1024
1024
1032
1024
1024
1024
1028
1024
1056
1024
1024
1024
1032
1024
1024
1024
1028
1024
1056
1024
1024
1024
1024
1024
1024
1
0
