2064
2048
2048
2080
2048
2048
2112
2048
2048
2080
2048
2048
2064
2048
2048
2080
2048
0
64
0
2048
2080
2048
2048
2064
2048
2048
2080
2048
2048
2112
2048
2048
2080
2048
2048
2064
0
0
32
2048
2048
2112
2048
2048
2080
2048
2048
2064
6144
6144
6176
6144
6144
6208
6144
6144
4128
4096
4096
6160
6144
6144
6176
6144
6144
6208
6144
6144
6176
6144
6144
6160
6144
6144
6176
6144
4096
4160
4096
6144
6176
6144
6144
6160
6144
6144
6176
6144
6144
6208
6144
6144
6176
6144
6144
6160
4096
4096
4128
2048
2048
2112
2048
2048
2080
2048
2048
2064
2048
2048
2080
2048
2048
2112
2048
2048
32
0
0
2064
2048
2048
2080
2048
2048
2112
2048
2048
2080
2048
2048
2064
2048
2048
2080
2048
0
64
0
2048
2080
2048
2048
2064
2048
2048
2080
2048
6144
6208
6144
6144
6176
6144
6144
6160
4096
4096
4128
6144
6144
6208
6144
6144
6176
6144
6144
6160
6144
6144
6176
6144
6144
6208
6144
6144
4128
4096
4096
6160
6144
6144
6176
6144
6144
6208
6144
6144
6176
6144
6144
6160
6144
6144
6176
6144
4096
4160
0
2048
2080
2048
2048
2064
2048
2048
2080
2048
2048
2112
2048
2048
2080
2048
2048
2064
0
0
32
2048
2048
2112
2048
2048
2080
2048
2048
2064
2048
2048
2080
2048
2048
2112
2048
2048
32
0
0
2064
2048
2048
2080
2048
2048
2112
2048
2048
6176
6144
6144
6160
6144
6144
6176
6144
4096
4160
4096
6144
6176
6144
6144
6160
6144
6144
6176
6144
6144
6208
6144
6144
6176
6144
6144
6160
4096
4096
4128
6144
6144
6208
6144
6144
6176
6144
6144
6144
6144
6144
6144
6144
6144
6144
6144
6144
0
1
0
