2
0
0
0
2
0
0
0
2
0
0
0
6
0
0
0
2
0
0
0
2
0
0
0
2
0
0
0
6
0
0
0
2
0
0
0
2
0
0
0
2
0
0
0
6
0
0
0
2
0
4096
4096
4098
4096
4096
4096
4098
4096
4096
4096
4102
4096
4096
4096
4098
4096
4096
4096
4098
4096
4096
4096
4098
4096
4096
4096
4102
4096
4096
4096
4098
4096
4096
4096
4098
4096
4096
4096
4098
4096
4096
4096
4102
4096
4096
4096
4098
4096
4096
4096
2
0
0
0
2
0
0
0
6
0
0
0
2
0
0
0
2
0
0
0
2
0
0
0
6
0
0
0
2
0
0
0
2
0
0
0
2
0
0
0
6
0
0
0
2
0
0
0
2
4096
4096
4096
4098
4096
4096
4096
4102
4096
4096
4096
4098
4096
4096
4096
4098
4096
4096
4096
4098
4096
4096
4096
4102
4096
4096
4096
4098
4096
4096
4096
4098
4096
4096
4096
4098
4096
4096
4096
4102
4096
4096
4096
4098
4096
4096
4096
4098
4096
4096
4096
4098
4096
4096
4096
4102
4096
4096
4096
4098
4096
4096
4096
4098
4096
4096
4096
4098
4096
4096
4096
4102
4096
4096
4096
4098
4096
4096
4096
4098
4096
4096
4096
4098
4096
4096
4096
4102
4096
4096
4096
4098
4096
4096
4096
4098
4096
4096
4096
4098
1024
1024
1024
1030
1024
1024
1024
1026
1024
1024
1024
1026
1024
1024
1024
1026
1024
1024
1024
1030
1024
1024
1024
1026
1024
1024
1024
1026
1024
1024
1024
1026
1024
1024
1024
1030
1024
1026
1024
1028
1024
1026
1024
1024
1028
1024
6
0
0
1
0
